1024
2.01001
25.4341
-122.678
123.496
34.0037
-8.05078
-59.8834
158.385
129.136
98.6419
-130.357
143.577
84.2006
5.41398
-78.4021
-194.006
-163.439
-54.2192
-141.075
-133.641
195.41
-21.7231
-152.367
-198.132
-196.435
-48.8479
12.6652
28.4738
40.7056
42.8663
-133.506
65.2181
-19.6844
-59.151
-177.184
43.0738
113.327
121.043
7.95312
-79.2199
150.389
90.6705
182.36
170.287
15.7414
-143.065
-15.1677
-105.869
144.896
-116.16
111.863
137.461
198.718
199.878
44.5997
-43.025
-93.5148
-81.0877
136.058
-190.503
-49.6536
-162.951
70.8823
-177.514
-196.484
167.516
-89.6451
-90.8414
35.1634
76.4733
135.044
90.5972
-6.02435
-117.856
97.4944
-12.6164
-16.8157
179.662
97.7752
-156.688
39.6191
-45.9059
94.0031
43.5865
28.9621
-55.4643
-139.378
-109.958
-29.9387
121.152
6.84225
195.996
100.62
-61.7756
-132.408
62.9231
-3.24107
-174.584
79.9036
1.92267
-141.002
179.833
-143.37
162.047
77.1569
-78.7805
-29.3771
-171.85
186.645
73.2749
-138.707
150.902
128.672
32.8196
-123.46
-128.843
126.878
-9.8941
-137.779
1.56865
92.8068
-37.7636
-88.168
27.4972
72.8965
102.341
88.7661
-9.88189
-150.792
-52.8764
133.872
-185.961
6.80563
65.1936
-29.5114
-158.129
179.736
168.554
19.8187
-61.6047
-11.3102
-50.0076
138.792
-73.2505
-17.5604
-91.2442
193.188
-80.8802
95.6755
26.9112
-121.604
104.526
135.777
-40.9375
0.360118
156.066
-189.013
197.851
29.0353
-179.797
12.5309
-122.373
137.217
50.7035
63.0451
-120.859
136.863
-150.67
-156.029
97.2503
-74.3736
176.428
-85.5678
-65.4744
-143.895
93.234
133.848
83.1996
40.0952
98.8861
-98.9105
-142.21
-199.353
-175.597
122.495
141.05
-115.769
-153.758
21.2836
-194.299
-154.491
-18.1951
100.888
74.4591
17.3772
-170.446
-25.3121
-119.224
78.4875
-83.8588
-25.3243
-107.028
31.1472
13.0314
51.4725
-135.923
1.6541
185.217
78.3044
169.921
-124.021
-65.6209
-128.66
198.071
-17.0232
199.207
-160.997
50.0687
-162.243
-24.9092
172.607
-180.627
157.848
-83.993
-109.079
107.627
-35.7128
-119.211
51.2284
41.6578
-19.3548
-13.4587
39.1308
53.8896
141.917
131.516
49.91
88.3633
26.3009
-49.9466
-126.292
95.1628
22.0527
162.035
-102.853
-124.424
41.8897
79.4031
33.845
-59.4806
-2.21564
-167.846
96.2981
44.8195
48.1521
76.4489
121.812
-140.355
30.4147
147.093
164.623
45.8815
91.0733
-182.714
67.1102
190.613
-73.9952
27.6803
-77.6696
-130.43
-156.578
147.618
140.489
97.7264
-138.047
-69.2343
-168.261
-169.359
56.3921
128.001
18.0364
-20.6977
-36.4086
-80.5017
-13.7761
0.482192
-138.939
-70.7846
95.1994
-74.4469
130.674
183.63
149.339
90.0113
-79.9768
177.599
-149.107
-173.705
113.987
9.83306
43.8551
182.446
-171.093
150.255
61.5436
-71.1509
-158.08
2.02033
-109.165
-83.8832
167.992
20.4657
65.1204
-154.186
-2.98471
-48.3474
-1.27567
117.344
3.70495
-47.0534
75.2647
12.8605
42.5123
-41.9263
-197.644
83.1507
-159.752
49.2264
145.299
-3.39976
98.9349
-1.23905
-47.9568
114.145
21.1249
-57.1612
182.287
52.3392
-129.368
-50.3006
-147.349
97.3113
180.688
44.7951
-188.867
-68.0624
-177.636
55.6841
-147.349
138.829
145.726
38.7524
88.6563
141.588
-194.128
-149.413
83.1629
46.8581
-112.973
-173.62
-132.432
49.6414
-63.6067
-72.2373
-52.974
64.4002
120.957
122.752
10.6143
44.4411
119.272
160.24
-142.076
52.0707
-39.0332
-98.5199
-145.384
142.076
-173.534
-28.8766
29.3405
-79.0857
19.2206
-109.775
-75.4601
-155.748
123.215
-146.117
-86.3002
115.244
158.092
115.854
97.5188
46.0891
-55.5498
142.662
-108.603
145.433
-108.225
-100.18
16.9622
193.933
-178.478
-167.431
9.86969
-29.2795
-162.133
-96.4812
156.615
-106.894
-141.38
-149.962
172.655
-167.956
-181.164
-176.513
-65.4378
165.88
-40.5591
-26.8868
178.466
134.874
13.6906
136.839
77.4133
-40.9253
-96.3347
-198.267
10.2359
181.921
-40.5225
-103.562
34.2235
-97.9461
73.6045
178.112
-25.8003
156.09
-197.131
176.391
40.6201
114.463
30.6711
-143.028
-111.069
-46.7971
-198.291
-32.8318
-167.101
63.9729
142.039
-174.059
124.424
64.8274
76.5954
121.079
12.0548
74.2515
-142.894
75.8019
91.1588
111.093
-187.573
147.472
57.8082
82.6258
-165.819
20.7953
179.162
-176.489
-90.0113
-141.929
192.712
47.9934
-83.1019
168.993
-52.9862
77.8161
-112.546
-137.632
-103.781
8.5757
160.912
-157.433
161.058
-23.31
-167.956
112.839
-131.285
189.758
110.349
148.155
-115.744
-17.3528
-198.498
100.253
-154.381
-38.1176
-75.5455
197.046
-184.57
-99.1668
-124.29
-100.925
-138.597
48.1277
154.149
175.634
-121.738
111.863
58.2232
62.7033
163.659
-17.8167
168.517
65.6697
-139.695
54.5366
27.8146
-31.1838
177.209
16.2297
31.428
14.5817
-97.8851
-41.2183
-59.8956
-185.351
118.101
-121.397
-171.886
-44.2335
36.2987
-171.63
-120.933
-137.645
57.7349
-18.2684
41.7188
78.9392
-23.4809
73.7877
-41.3892
134.288
36.8847
-120.164
179.785
150.401
-43.318
194.983
-125.877
158.287
29.78
-23.1758
50.9354
83.4071
-180.151
-85.7753
-95.9197
-36.9457
158.129
84.0785
91.3785
158.422
-42.5733
-41.0352
161.547
-76.5587
-44.7584
28.2296
-58.5772
93.4782
98.1414
94.5524
95.7732
-144.273
-119.932
-90.9635
72.1763
164.452
-52.8642
7.06198
-156.249
162.975
-118.772
7.18406
61.9343
-24.5918
75.0572
-163.829
-168.175
-169.689
-188.879
-57.9669
-77.1081
78.9148
-142.93
-42.0606
-172.863
70.2963
89.9747
-120.518
77.6086
46.2844
61.9587
17.597
-160.68
18.1463
-180.151
189.831
-14.3864
187.988
91.1466
12.3844
71.9687
77.1203
-51.1551
-44.5509
-180.016
123.911
-132.176
-175.671
-75.7775
113.791
-115.012
-71.2363
-6.13422
-196.338
-24.0547
3.14341
42.378
103.415
-39.5703
-60.0787
137.059
176.928
49.324
198.914
-178.613
25.1411
145.421
-45.2956
-77.4377
-86.3124
-189.319
45.027
-43.5255
-192.553
-187.585
-17.719
143.175
174.706
-39.2407
90.9146
44.6364
123.35
150.169
33.0393
38.0078
-168.395
117.27
-15.1189
36.2499
35.7738
27.6803
126.426
69.1
-62.569
-195.911
-93.0754
-63.3747
-107.163
108.408
-51.3016
147.948
-153.258
90.231
51.5702
157.579
-126.792
14.2277
160.802
112.033
186.084
-121.055
160.619
118.967
181.359
139.525
156.139
51.4847
-125.816
46.7727
-94.0031
-99.7406
92.88
115.244
-131.626
85.5556
-7.62352
-167.406
122.617
142.137
-150.145
-77.0104
29.3283
-10.8097
104.819
-123.252
91.11
198.01
-193.86
59.0533
76.6564
-130.345
-171.154
-90.0113
70.6503
135.569
22.663
-51.5091
111.802
-106.992
55.2934
-107.334
-118.162
188.415
-87.3012
-190.844
107.688
-139.268
-181.213
-196.301
-60.567
57.5518
-62.7033
-34.1746
-33.3934
-163.732
18.0731
79.7082
-64.803
63.0085
150.499
14.1911
28.0099
-178.405
-13.6906
-96.0051
-29.2795
145.335
-5.36515
-165.026
26.3253
83.7611
111.386
145.689
140.22
-82.7967
145.75
57.9669
98.7396
131.455
106.247
148.766
163.329
165.014
8.78323
-23.9326
-156.944
-58.3941
129.221
-28.9132
-132.066
-199.658
62.9841
109.421
-174.511
-164.074
-45.735
73.5557
123.045
-138.365
-142.857
-180.615
-61.5436
-192.578
191.369
59.0533
-178.539
165.661
54.9883
-27.3141
-191.577
-102.963
-43.2203
61.6047
112.754
-190.869
130.418
-144.627
53.7065
20.1605
193.396
-14.6306
-114.084
-79.7205
112.864
-62.9841
-7.75781
43.2081
-158.995
193.774
102.329
-139.647
-17.4383
84.6522
199.499
110.202
56.6607
48.4817
178.442
75.2647
-84.0785
26.8624
-83.8466
19.2938
84.9452
-101.425
18.6712
-2.94809
180.822
67.9281
106.064
49.3484
-21.6987
119.504
98.2147
195.569
-118.149
51.7899
163.927
36.5184
167.357
2.21564
-4.24207
-20.1117
155.736
176.159
-126.829
-99.2157
-118.796
92.1964
176.452
50.032
-183.459
56.5386
-186.193
22.541
17.7923
-21.4667
-175.451
198.413
-148.9
40.3638
-179.858
-130.882
64.095
-67.0248
-73.6167
61.4338
-35.786
-28.9987
-111.35
71.4072
-133.421
-0.982696
3.05795
121.091
-25.9713
-198.193
-64.2048
-49.6414
-148.57
130.931
93.3195
156.456
57.3321
60.2374
5.79241
93.5881
94.8698
182.836
-13.6662
-54.6953
-155.126
161.864
128.489
-18.0853
-156.529
147.777
104.55
-184.35
-33.3323
174.45
-172.9
-134.056
-115.488
-153.233
36.4452
-152.66
47.3098
32.0383
76.1193
92.6237
166.259
67.8915
-80.5994
123.545
-48.7259
198.999
109.006
-118.235
-131.773
-44.6974
-127.512
32.3923
-121.751
184.057
-123.899
-47.3098
-78.4021
-151.671
-120.737
-181.506
108.469
104.416
152.416
-199.292
-20.5512
-29.4504
120.615
-15.4607
-2.05695
99.7528
-104.599
23.7617
-162.902
168.81
157.53
142.808
-176.147
-3.64391
52.8153
98.8861
102.426
-97.702
163.964
116.794
-120.151
21.1371
-179.504
8.86868
116.147
81.6614
-190.381
92.6969
21.3446
165.685
150.218
118.772
-77.8283
-42.024
-7.24509
-178.967
60.7868
-199.658
107.431
102.475
-112.107
-138.096
-176.989
68.2455
-186.926
-61.6535
79.1467
119.26
-25.4952
192.688
54.2192
-81.8812
-9.21049
149.742
-168.285
-159.606
-142.711
-142.796
167.199
-76.5099
-50.4715
125.535
-181.347
125.681
-104.001
159.154
-97.3968
-92.2575
-116.794
-108.249
138.462
149.937
155.077
137.913
43.7086
-183.642
-130.589
-126.499
-57.6373
-20.2948
-125.974
157.787
49.2141
18.5369
164.672
9.03958
92.2575
199.731
187.732
146.971
136.082
-141.331
-50.2396
-86.2514
-131.614
189.502
96.7254
86.642
-187.646
58.0157
125.083
94.3693
127.268
-150.145
87.5576
-49.971
59.9322
166.173
155.87
-187.133
109.397
-20.4535
-196.973
-108.554
-32.6121
-137.364
167.614
0.677511
-102.853
101.791
162.609
-114.609
-187.158
108.469
-108.701
22.6386
122.556
140.806
-67.3544
15.5705
196.716
147.74
58.7481
-108.908
125.12
-51.5824
-53.2426
-186.01
24.5186
-40.8521
-152.086
-70.0278
159.606
-119.407
176.073
-149.974
139.732
157.579
-21.7719
-111.155
53.9018
24.0303
49.617
-30.5368
-193.408
145.653
-144.151
-93.0387
-83.2118
72.6646
24.5796
183.532
42.8907
115.293
-30.9153
127.354
95.7854
-145.689
6.61031
-191.968
-197.205
99.3255
-66.451
160.851
-15.0945
107.163
-179.797
52.3881
-190.332
72.9698
187.634
0.177007
82.5526
-93.6247
128.941
58.6505
38.8867
-94.5524
137.693
-15.9734
99.2645
-59.3585
-194.201
-9.38139
50.5936
-38.4472
-46.5529
-188.952
-84.4691
38.7402
153.551
-27.131
172.619
-46.8093
13.2511
-195.972
189.697
146.08
-25.0313
79.8547
-66.8172
40.9375
-0.579852
23.8472
-184.399
-48.7136
-106.784
174.938
143.809
185.644
43.5255
33.5887
-169.42
-37.1899
-77.8771
-0.567644
-167.98
149.913
-78.2922
112.607
173.156
35.371
-113.511
-88.2778
24.2866
149.767
-99.9725
-79.4397
90.8536
146.641
-107.566
-123.716
-21.2836
156.139
29.7311
-188.488
198.096
-176.305
47.676
-97.2259
-132.066
-153.551
-107.407
-2.04474
183.923
-180.285
-168.151
-64.9373
-88.1069
6.21967
-3.77819
-35.0902
169.884
40.4248
-83.1385
-9.69878
-39.3384
180.529
19.3426
133.97
117.771
120.664
37.141
148.033
-72.7744
175.671
-92.8312
177.331
87.5088
-148.949
109.958
-10.8463
-129.637
-189.331
-183.349
-18.0853
144.92
-145.555
-194.214
-114.89
127.415
118.882
111.863
63.3992
-80.5017
112.571
168.603
136.851
-102.951
-0.4944
-190.796
-169.713
-187.646
-57.5152
86.1293
-36.079
-127.83
-80.8313
-127.158
97.9583
-146.104
-176.708
10.2481
-56.4531
122.691
-136.473
159.948
-147.276
-188.305
-127.427
127.232
-100.314
28.2785
-61.2384
15.9734
65.9627
148.302
173.009
178.112
-157.921
-138.707
23.188
120.103
158.055
-170.995
148.924
128.965
-44.6852
19.5135
68.7826
-19.6234
-87.4477
179.785
192.859
91.2198
37.9223
-91.0489
-147.215
-120.823
40.2051
-5.05997
-57.8692
-108.029
-8.62453
76.7174
179.26
68.453
193.03
-104.99
5.42619
-105.673
159.215
-6.25629
-69.4174
14.9968
28.3151
-65.389
-60.7379
-132.31
-83.932
-112.29
169.127
95.8708
122.8
60.1764
74.6788
-91.9645
106.748
-174.23
88.7051
143.626
-63.3747
-182.25
-6.28071
-191.687
135.276
47.4075
16.2297
41.6211
27.4728
110.947
56.0137
78.695
103.977
147.203
-136.802
-30.5979
114.585
-191.43
-24.6529
-183.142
2.52083
-92.2941
-172.692
-102.06
192.822
2.58187
46.2111
-171.593
-52.9984
182.214
144.029
-65.0105
-103.244
-84.1884
-179.614
197.082
-131.016
-172.436
-111.948
-79.635
114.743
59.8468
-166.527
-94.8943
-145.408
-112.986
25.0313
-128.697
52.913
-157.237
-18.5125
103.537
-66.4754
-177.038
-86.9961
77.7184
149.303
27.0333
147.398
-167.516
118.162
199.866
53.9995
47.5417
37.9101
37.2509
-122.3
191.552
-107.395
-183.081
-104.379
-97.9461
-37.2753
117.978
-91.0123
160.021
-48.2253
91.0245
-117.405
-178.82
41.8287
-58.4063
-55.501
67.2445
190.417
-110.544
158.312
-61.214
181.408
66.0482
-119.333
-87.0571
-57.8204
12.7995
-83.6024
-112.009
-160.155
-157.311
83.7367
137.523
68.746
127.659
-197.693
-3.4608
41.8531
174.133
-83.7489
42.3292
98.764
149.535
164.892
132.041
42.3658
-78.048
113.694
-139.952
17.0476
75.6188
-42.1461
197.278
-159.227
-35.3587
-189.026
74.9718
-96.4446
-132.395
-108.542
-124.4
144.884
105.319
-180.956
-6.70797
-177.538
184.497
-166.002
26.191
185.022
29.5602
151.463
-36.5184
-38.7402
-34.6019
63.4114
129.344
178.076
-86.7519
-199.109
46.5041
-180.224
62.4226
-31.2204
181.799
41.5845
-119.651
-34.2479
-63.7776
49.2508
123.362
-198.059
-157.897
-42.2315
-89.2544
-73.2871
129.698
141.404
-75.3868
-120.933
25.8736
-12.3722
198.047
-26.7037
-52.6078
-32.49
-46.0524
32.1726
151.097
-65.0349
-42.6466
180.419
3.65612
-32.5632
43.318
110.703
-166.54
-139.525
-116.831
-165.062
-73.0918
-11.2735
51.6556
-66.8905
-168.273
45.8083
-142.869
-87.7163
129.991
-24.3721
197.766
-111.618
-157.067
7.59911
-94.1618
-197.058
30.5002
108.225
-156.993
187.683
-52.2294
161.596
8.68557
-110.935
-78.9514
-8.61232
-75.753
-34.2357
105.893
136.644
-44.3556
-29.0109
89.6695
93.9665
-163.439
-167.309
101.23
138.792
55.1225
-56.148
-9.99176
-162.243
-33.8816
-124.656
-62.7522
165.355
-108.274
-75.8751
-138.292
-63.3869
-127.085
-91.0855
-117.624
-131.016
-65.8895
-173.827
0.762963
185.473
123.704
-21.4179
165.197
-128.294
-7.23289
-11.1637
79.696
-100.558
174.682
-89.0225
-80.1843
128.977
127.854
51.9608
118.027
-197.119
-95.6145
-84.1884
181.188
143.785
6.97653
83.0042
-97.5311
168.419
-3.49742
-162.584
130.393
-169.323
-86.9472
-46.4553
57.3077
6.03656
-27.3873
-143.712
189.99
-170.153
-197.925
165.917
-35.3343
102.133
-124.937
-159.313
-30.7443
71.1753
10.9684
129.685
134.874
-91.4029
-0.201422
148.18
-140.403
188.318
15.3508
-111.728
-173.302
-118.149
-120.908
-122.837
-120.188
182.714
37.3974
95.5168
-82.2474
71.9321
114.451
168.529
171.374
137.73
-96.408
-157.823
-175.243
161.51
-140.672
157.103
-56.2334
182.678
-47.3708
-67.4154
73.8243
155.016
-47.9568
-26.6915
69.8569
-93.1608
-6.86666
11.1393
120.823
117.649
98.5321
-5.32853
131.114
23.6152
-88.4854
-61.1286
-178.344
164.501
105.161
-52.6078
-87.0449
-115.5
-70.1743
-179.943
152.647
-100.473
-38.4716
-142.051
150.108
43.2447
113.462
-121.262
-19.3182
104.709
-26.6671
54.5854
121.824
-130.222
-70.9311
185.278
83.7611
-120.981
145.152
-181.079
97.2869
-185.583
-147.667
-167.052
21.0761
27.5826
13.2023
-112.449
-169.127
-78.1579
-174.218
-35.493
-146.519
-99.3255
128.257
3.50963
-92.5138
195.178
166.613
-151.305
-86.227
82.7845
-11.6276
-82.1009
-62.1418
10.0406
124.448
6.89108
-173.07
131.687
21.7597
-158.544
3.82702
178.674
89.2422
-10.4312
-19.4769
167.553
19.5379
-53.8896
153.746
63.8874
-150.987
2.9603
-155.028
-88.0825
18.5858
116.514
-52.327
143.248
97.7386
-14.4597
-56.1357
-23.1635
34.3699
-48.384
52.8153
23.0415
-6.96432
134.666
-125.718
-196.118
-156.297
-183.752
-111.289
-97.6165
-35.8837
83.0409
-22.9072
-146.776
17.6214
142.711
122.654
-112.693
169.53
-74.6544
-142.711
42.7442
-195.886
182.226
14.8991
-45.2467
-195.044
-105.173
154.283
36.9823
-138.963
-193.384
14.0812
166.686
61.092
-110.215
-37.7758
186.328
-161.168
-40.1685
2.44758
-65.8773
-68.6361
50.1663
-99.6918
-84.0175
13.4098
159.471
-8.77102
-68.7338
69.8325
-15.8635
33.1004
-34.8949
168.92
-151.61
65.8895
-140.526
-101.047
-155.37
-159.191
75.8019
130.576
-3.70495
-18.5003
61.3727
-32.5999
55.9648
-160.314
132.237
-52.5468
151.183
8.01416
184.912
-42.1216
90.2799
52.2416
-50.3494
125.364
141.026
-174.425
97.4334
-55.0493
-105.759
127.586
113.486
-90.4263
25.2876
-130.113
-150.304
102.841
-34.4798
-88.229
-131.614
17.6824
-103.5
-72.5547
-109.97
63.216
79.3664
68.099
57.3321
-177.587
-68.1967
180.895
-71.7246
-76.9494
-134.812
-52.5834
-89.4253
184.448
-105.515
-95.6755
49.9344
102.414
33.1248
-91.5983
84.8598
-64.8396
85.6532
-191.369
80.221
52.2782
-149.449
87.9482
-47.6394
9.57671
145.653
36.7748
-1.93487
-187.683
68.7094
21.3935
-60.1642
29.0353
105.71
-190.942
-199.744
18.7811
99.2279
-87.1059
117.612
134.092
89.523
-81.4173
15.4607
-37.7636
-159.288
-44.2457
-161.315
67.2811
-135.264
76.3756
68.3065
95.407
155.296
102.634
27.8024
-94.0275
-155.419
-93.1486
93.3805
190.991
-4.84024
-114.035
120.481
45.1613
-60.5914
-6.95212
199.402
-50.5325
179.199
-111.753
52.1073
30.2805
-141.783
171.96
-16.8279
56.9292
-180.541
62.3005
96.9573
-160.009
60.2985
-120.164
-106.259
92.8556
197.815
101.645
157.323
19.0619
156.713
147.545
46.382
87.9604
92.4284
-139.232
102.487
-138.89
-38.1054
45.7961
86.7153
131.993
154.418
-174.511
-42.0972
41.4502
-4.76699
-19.4525
104.721
31.5134
-65.7064
33.2224
-55.8672
99.8993
-167.418
-161.742
198.828
-182.214
-41.3282
-156.725
-34.0159
-26.4351
-92.111
-18.7933
-110.007
-95.468
56.6973
157.237
151.585
-20.2704
-35.3221
-107.175
185.766
95.7488
-63.3137
89.2178
41.3526
48.5794
157.689
72.9942
-105.747
-156.481
12.6652
86.2026
27.1798
-193.957
4.36415
-16.6204
188.342
155.858
80.9534
-101.669
-158.58
-93.3317
-13.4831
42.7076
-180.37
-45.5275
-153.343
199.268
95.9685
-183.666
-198.242
72.103
182.568
82.6502
100.351
-143.565
71.3095
45.1003
65.1936
190.405
-171.557
162.963
144.53
51.3993
155.602
30.0607
-139.122
159.447
29.5602
-94.821
-129.807
50.1175
133.726
68.1112
143.455
-20.5878
193.188
64.0461
83.5047
-176.708
126.389
98.764
189.66
134.141
-74.3492
-152.94
-117.795
-83.285
179.113
136.998
-100.095
-113.633
146.471
